001309
005058
005470
006499
001818
004457
000178
005047
002998
003705
005220
003795
005565
003904
000819
005313
001069
004653
000676
002265
002292
005866
005350
001062
000806
000903
000337
003353
004518
006542
005745
003825
001483
001032
004082
001857
004499
003421
000056
002431
005090
001554
003768
001989
002947
003140
003841
006645
002126
002940
004609
003892
003418
007158
000289
005229
000582
006093
006526
005739
006051
003317
007103
003084
004419
007421
002931
002354
001943
001792
002740
001490
006549
003077
000317
001271
003653
001066
005340
003759
000192
004012
001466
004596
004514
000428
005519
006584
000519
006180
000783
000372
003615
000779
001209
000384
005784
000535
002002
002017
003015
002742
001135
000828
003320
006637
005075
001403
006780
006789
000767
006018
007190
002350
003042
007107
003182
000146
000406
007078
000922
005731
006577
004792
004287
004300
005394
006874
004683
001806
006599
006336
002091
006487
004942
003490
001270
003128
003190
000039
005506
002904
006388
003503
003302
006785
001750
001096
006449
004710
003336
004887
007262
007131
001745
004286
000130
001934
007258
005507
001230
003674
000559
004470
003944
003744
001865
004608
005760
003366
003269
006458
006957
006917
002518
001948
002922
003215
006224
003718
006514
003877
004564
000024
004776
003861
000091
004727
005320
003677
004492
005302
006201
004161
007028
003599
000147
007385
001590
004461
002064
004325
001238
007226
003830
002928
004721
000860
000765
002013
006709
005408
006013
005117
007148
000143
001606
002596
005264
005305
001561
001896
006601
007473
007369
007373
005168
006646
002109
004681
005244
003193
005012
006158
004320
002221
005142
004657
002381
000898
005904
007273
004266
005265
002951
005453
004385
006898
007125
003916
006171
005275
000963
005802
003906
003002
005960
004639
003333
005069
006534
001041
003974
003112
002024
007432
002480
001503
005341
001484
006726
003959
003917
004566
001753
004684
004296
002025
007480
001868
001204
006163
005987
005837
002015
006195
003313
004148
004809
000222
002633
004873
001345
004638
001717
001671
003804
001470
001785
007106
007067
002048
004732
006092
004662
001856
005905
001266
004979
001774
005464
002673
005545
005986
001983
003908
006802
006177
001851
002770
006829
005825
000583
002346
001568
001922
002291
002287
004619
007179
007355
002827
005761
007357
005556
002446
001440
003735
001479
000730
006247
002941
007122
004961
003606
004199
000132
004045
000613
002475
006419
004005
001463
000525
002920
000506
004195
006109
003661
001835
000002
006670
002934
004331
003454
006925
004911
001629
004793
006150
002485
005614
003216
006142
005199
000814
000165
001076
001949
002129
006651
007023
004642
002540
007041
002949
003283
002607
003322
004365
003339
000410
000666
003475
002177
006448
001504
005753
000796
006318
003268
003799
001505
002082
006396
004109
005689
006312
005131
000268
002028
000419
000708
004864
001656
001955
003761
004240
002869
006764
002107
003995
002310
004584
002264
002771
003522
003472
003910
001254
004893
003791
003977
002121
005503
006421
004064
005919
002883
000993
000017
004095
004204
002794
002619
001867
001975
005036
003890
003774
001222
006314
001655
003401
002416
000804
000591
000925
002005
003099
001036
006585
005746
002537
002845
001889
004869
006918
006944
000062
006382
000853
006788
001919
004984
005349
001810
000509
002910
001061
003183
003272
006156
004687
002662
001620
001235
007379
001516
005361
000896
002233
002246
002937
002455
002778
004225
004221
004361
003005
005544
006902
007111
005711
003565
001078
007218
004998
004940
004799
004024
001842
000140
004097
007308
002062
003844
001031
003928
005382
001537
002553
006609
006086
005857
004226
001673
000825
004740
003273
004889
002033
006846
003725
002359
002887
005372
003032
006275
004482
006616
004327
006803
000069
007372
004790
005268
005971
002014
003819
007300
004960
002696
001438
000714
000662
001845
006417
000144
002021
004367
006805
006209
002146
006524
002377
001442
001282
000012
005962
005652
002009
004467
002407
005347
004427
007479
000227
004158
004701
002190
003488
006020
001639
003363
006763
003741
006638
007477
007181
005677
001151
004515
002469
007205
003419
001665
004318
004511
002231
004123
003480
007454
006015
000230
002393
005573
007210
000084
001224
006026
004336
001138
001124
003057
005703
005223
002104
000454
005208
002143
000756
000475
004099
000269
005694
002357
005883
004718
004424
005751
001225
003820
003104
003378
006722
002336
001377
001546
000183
002856
004333
005247
007463
006178
003094
000249
006775
007052
005440
003544
001913
000567
007037
004369
005593
003748
003672
006094
004448
004815
005743
001964
003662
007036
001564
006678
001212
001807
004666
005039
006395
005324
003874
003897
001737
002401
005818
003171
000418
004674
000153
002342
004852
005413
001822
001987
002755
004292
005165
005693
006504
004972
004756
002101
001416
001567
002560
005272
003576
002639
004392
007471
003641
003301
006161
002888
006416
000740
006705
001911
004861
001058
004881
003771
003752
002317
002626
005942
005186
006136
006127
001476
003558
004371
000446
003484
006243
001623
004307
005501
004196
006191
002505
002728
005426
000018
004310
004485
005250
000704
005221
002775
004350
000425
004570
007234
003300
006398
005431
005447
000709
007296
002962
001846
003498
004243
001446
004659
000569
004714
002497
006662
001853
005194
000955
004536
002610
000214
003698
001094
006665
002162
002128
005862
001005
005396
003965
000457
000088
006586
006810
000237
005982
005878
004781
006673
005533
003657
005898
003866
004100
002843
002220
005835
000159
004760
003697
004476
004241
006361
006387
004779
002423
000078
003231
005287
001315
004021
004723
004978
002065
003851
001670
006338
000053
004685
005882
006466
001330
000025
003638
004613
001485
003969
002338
002300
005399
002666
006891
005248
001068
006001
000510
004964
005913
001658
006262
003491
004447
004652
003147
001982
006832
000302
005766
007208
002646
002493
004434
000865
003933
003513
000726
004071
005335
000551
002471
004179
004840
002032
002189
001526
006453
000631
006430
002855
002361
002569
000909
003871
003397
003295
007293
003347
006724
000092
003175
002568
007132
005682
000964
004686
002199
002652
004501
005306
003257
005127
001761
003035
002929
004644
004487
001292
004850
002372
007378
006179
001871
002404
005496
003632
001014
004127
003629
005021
003001
001677
003066
007068
006720
003054
001688
002598
001017
006294
000008
005195
001374
003030
004958
003975
005669
003943
004213
000453
000360
003722
006193
002206
006107
005976
006813
004450
003411
005178
005727
003580
003971
004913
005840
002066
003882
002061
007155
005979
006215
000882
003406
006203
002153
006600
001523
004370
006090
005045
003587
003860
005539
002714
001705
000288
000440
003614
007272
001864
002900
004883
001999
003840
000849
003842
006067
006460
000937
005212
000619
000325
000901
003848
003220
001486
003985
000763
002532
001781
004242
001501
006249
000687
002738
005263
005577
006890
005035
002243
007394
005555
006681
000495
005266
000102
001793
004565
005695
005758
002456
005988
002380
002830
006619
001087
003316
002622
001649
000120
002352
001418
006623
006613
002837
005342
000794
000259
004784
007377
002223
002664
001024
005214
005897
006120
004676
000321
006095
000554
002788
005736
006110
002580
005867
005156
006377
003508
000612
006836
001628
001519
004223
003624
005213
002461
001869
000536
006271
005742
006102
003948
006088
005973
007365
000911
000974
000133
005332
005191
002892
004520
001947
005920
005369
000959
002142
005674
006022
001854
001977
004635
006385
001772
000254
003611
000199
003069
004720
002709
003669
005963
006582
006246
005010
005132
007246
003150
001404
006456
000889
005135
004545
007448
003390
005895
003392
004709
000491
001547
005307
001681
000507
003827
002533
004556
005861
003445
001829
002315
000812
004433
004754
002588
002868
004060
003591
005180
007156
006821
006901
003061
005031
005848
005360
005662
004822
003946
006091
002487
000917
003613
003885
002387
000445
002054
004472
005442
001928
000725
005550
004224
002234
003902
000956
003853
000209
001756
005645
000438
004983
001028
004590
006227
003173
001610
003764
001875
003443
005909
001322
006408
004229
000670
003136
004990
003286
004789
004069
000599
005407
004390
007362
001205
004462
004716
004273
005712
000474
005949
002636
004498
005595
000818
005133
007075
004549
001970
005129
002084
006291
006033
000751
003399
002670
005231
001215
005052
000217
001371
005849
005182
002988
001368
005225
002838
004908
003428
003262
002405
000316
004829
003783
007313
005992
001596
000198
002309
005864
002160
006999
007354
007294
005274
001265
001958
006575
007170
005624
000526
000650
005946
000563
005719
001579
000602
004747
007057
004038
003529
005576
005261
006952
001365
001273
003957
004101
000121
004825
003989
004412
002564
004560
005298
001883
005098
002413
001631
007172
004670
003086
006723
004402
005028
003462
001173
007177
000400
001185
005937
000282
001954
006622
003668
004800
004026
003566
006998
002627
004054
001428
000656
004289
002428
007026
004504
002440
006850
006727
004351
007263
003776
002158
003479
005254
007398
006452
005887
000801
001462
000292
007143
001488
003056
001458
003793
005551
002449
003328
006025
007282
003346
000459
005437
003563
000137
002523
002859
007174
000893
003278
006079
006316
006153
002792
005723
000206
005968
006556
000442
004558
005310
001933
007461
006991
005790
002395
003256
002173
005051
003987
001990
006496
000155
004131
002324
004844
006252
005885
004168
003817
006630
005653
000678
004969
005604
004704
000212
002187
006437
000966
006152
001133
001285
002813
005461
006728
004791
002016
001312
002057
003473
002587
001929
004246
003822
004848
005932
005586
005639
006236
003518
000934
004932
001848
007295
006900
001393
005072
000011
001492
005403
006210
002281
003870
003260
006331
007420
000174
002842
002760
006716
000473
007198
006054
004231
005230
002492
001959
005620
004421
003671
000349
005877
000501
006304
002209
005812
000439
006024
002955
003604
006497
006040
002253
006930
006561
001019
006264
006992
000809
000555
001734
003649
002718
002060
006511
004601
000373
007130
006543
000921
001262
005775
005563
004324
007221
003446
006064
002427
006242
002571
003237
001344
005061
005900
005952
004688
004526
000274
006631
007464
000637
001923
003243
002526
006812
006632
000932
003740
000346
005631
002825
006644
001904
003970
001887
003926
002420
004803
003782
005747
001578
005077
006845
001682
006965
002139
006711
006081
005485
006515
004091
004770
001473
006410
004950
002429
000204
006041
001364
003976
005820
004214
001560
000307
001088
006200
000761
005123
002643
005632
003802
007430
004523
003682
006455
004375
004120
004144
000888
001740
006904
003082
006036
003382
000879
005801
006817
003296
006864
004387
006101
001334
007059
006257
002617
002549
005824
003427
002585
000443
004431
003440
001766
001255
001004
004728
006444
007424
002263
005257
005323
004622
004284
006431
005781
006617
000878
004821
002297
007194
001542
002676
002852
004053
002761
004902
002133
006671
003321
004469
000219
001724
000067
006394
000417
001900
002095
004230
004665
002037
000016
003277
001131
000808
005136
002410
003938
000802
002841
006116
007316
006895
004971
002079
001166
004346
004089
000970
003717
006228
005776
003936
007408
006639
000679
000975
005817
003686
004042
001372
006182
001832
005452
002219
006218
002156
004737
000385
004917
004181
004648
002254
006636
001421
002155
002621
001599
000156
002041
005852
003362
000203
003947
007014
002819
006558
005118
006004
000855
006889
006372
002270
003197
003155
004322
000258
000297
007153
000314
007013
000072
005197
003670
001841
005318
001809
005293
001008
001675
006877
000399
004466
005139
003742
002458
003509
005497
000052
005733
000014
003040
005725
001695
000110
000605
006298
006445
001815
005678
001294
002397
007011
006777
005626
003289
002712
001395
004182
004631
003000
005796
006894
000574
004636
000528
004227
005706
001337
004471
006860
003280
005228
004916
004571
000205
005145
005524
006174
000284
004183
003726
001211
006342
004159
001744
004121
001946
004621
004542
002412
004141
007280
005240
001435
001798
005088
003009
001543
002344
001128
003185
005314
006300
004033
001826
001248
001383
001154
003796
002319
003233
003531
005705
002899
003053
006230
006403
002589
006278
006751
002871
000490
001367
000998
001638
005083
000000
006108
001899
007225
004299
001937
005227
004806
004125
005060
006254
005752
005397
004741
003356
000398
003517
001391
005172
004910
000484
006702
000638
005707
000235
002743
002702
005516
002356
002959
002773
000516
006198
000848
000900
001317
005630
007236
005048
001569
002954
004098
006286
006739
000822
007435
002997
005984
006735
001607
001738
004237
007391
007169
002027
004933
004416
005260
006982
004456
004332
005859
003797
006640
004801
003227
000859
004846
006106
002655
004778
004383
000176
001407
004611
005649
003992
003229
006464
003430
006946
002635
001536
001805
006043
004773
004352
001174
006380
003074
005429
000305
005005
006083
000995
002991
003862
001468
003312
006075
005499
004494
003098
006888
003709
003727
000194
006794
005368
004906
001863
000022
006863
007458
005871
001163
007453
000997
006943
003385
007371
005025
004288
003441
004568
004555
003023
006657
004830
003298
003141
004107
001098
006755
001002
003117
006356
000478
005243
000717
003065
002735
000973
006267
001296
001472
004040
007017
007344
000366
006347
004264
003247
001608
000608
002522
002369
000387
005122
001696
002581
001299
005826
003377
004129
003642
002520
004807
000797
000547
004503
005771
001250
000162
001808
006148
006626
001417
005211
006423
005383
000660
000463
004293
006190
002125
001043
006159
004758
002208
002501
000243
006598
000051
006297
005772
002556
004607
002905
000944
002280
002692
002225
000148
000852
001723
003869
001200
002999
002767
001498
002023
007270
007307
003281
004930
002103
005924
007386
000240
005232
005934
001509
003097
004085
001392
004271
002248
003836
006987
007145
006570
004752
001029
000713
