001309
005058
005470
006499
001818
004457
000178
005047
002998
003705
005220
003795
005565
003904
000819
005313
001069
004653
000676
002265
002292
005866
005350
001062
000806
000903
000337
003353
004518
006542
005745
003825
001483
001032
004082
001857
004499
003421
000056
002431
005090
001554
003768
001989
002947
003140
003841
006645
002126
002940
004609
003892
003418
007158
000289
005229
000582
006093
006526
005739
006051
003317
007103
003084
004419
007421
002931
002354
001943
001792
002740
001490
006549
003077
000317
001271
003653
001066
005340
003759
000192
004012
001466
004596
004514
000428
005519
006584
000519
006180
000783
000372
003615
000779
001209
000384
005784
000535
002002
002017
003015
002742
001135
000828
003320
006637
005075
001403
006780
006789
000767
006018
007190
002350
003042
007107
003182
000146
000406
007078
000922
005731
006577
004792
004287
004300
005394
006874
004683
001806
006599
006336
002091
006487
004942
003490
001270
003128
003190
000039
005506
002904
006388
003503
003302
006785
001750
001096
006449
004710
003336
004887
007262
007131
001745
004286
000130
001934
007258
005507
001230
003674
000559
004470
003944
003744
001865
004608
005760
003366
003269
006458
006957
006917
002518
001948
002922
003215
006224
003718
006514
003877
004564
000024
004776
003861
000091
004727
005320
003677
004492
005302
006201
004161
007028
003599
000147
007385
001590
004461
002064
004325
001238
007226
003830
002928
004721
000860
000765
002013
006709
005408
006013
005117
007148
000143
001606
002596
005264
005305
001561
001896
006601
007473
007369
007373
005168
006646
002109
004681
005244
003193
005012
006158
004320
002221
005142
004657
002381
000898
005904
007273
004266
005265
002951
005453
004385
006898
007125
003916
006171
005275
000963
005802
003906
003002
